2.459889976307749748e-03 1.630628714337944984e-03 1.304187066853046417e-02 4.641340076923370361e-01 2.876918995752930641e-03 5.087060332298278809e-01 2.119210083037614822e-03 1.491180737502872944e-03 2.447483129799365997e-03 1.092849764972925186e-03
6.158296600915491581e-04 4.354869425296783447e-01 3.666191332740709186e-07 1.309928165937890299e-06 3.357206139753543539e-07 2.033009138813213212e-08 2.976110238250839757e-07 4.107368667405353335e-09 5.637673139572143555e-01 1.275530376005917788e-04
2.434158697724342346e-02 3.676891699433326721e-02 9.900698205456137657e-04 7.943130331113934517e-04 2.006119349971413612e-03 4.132642643526196480e-04 3.472713578958064318e-04 2.096606476698070765e-04 9.264519214630126953e-01 7.676864508539438248e-03
1.370259970426559448e-01 4.354276170488446951e-04 2.415963448584079742e-03 3.590752021409571171e-04 7.994687184691429138e-04 9.458905697101727128e-05 4.414580325828865170e-05 4.128217187826521695e-05 8.571872115135192871e-01 1.596829970367252827e-03
2.046993758995085955e-04 1.338985020993277431e-04 1.251106113195419312e-01 6.657128036022186279e-02 8.120194077491760254e-02 8.658009581267833710e-03 7.177488803863525391e-01 1.767674402799457312e-04 1.854730653576552868e-04 8.496188456774689257e-06
2.357483026571571827e-04 2.438158408040180802e-04 2.307967469096183777e-02 5.221023410558700562e-02 1.251665409654378891e-02 1.211636289954185486e-01 7.877640724182128906e-01 2.401218283921480179e-03 4.695021198131144047e-05 3.379309782758355141e-04
4.149072244763374329e-02 9.232041835784912109e-01 2.050012815743684769e-03 7.175238337367773056e-03 2.613172982819378376e-04 5.612617358565330505e-03 6.262198439799249172e-04 2.855006838217377663e-03 1.028345152735710144e-02 6.441215053200721741e-03
6.722162663936614990e-02 5.670328158885240555e-03 4.248909354209899902e-01 4.500350356101989746e-02 7.978259772062301636e-02 8.604916185140609741e-02 2.673836052417755127e-01 9.064466692507266998e-03 1.296143792569637299e-02 1.972316298633813858e-03
8.768046973273158073e-05 1.655922824284061790e-05 9.598019532859325409e-03 4.222885370254516602e-01 2.813113667070865631e-02 5.243265628814697266e-01 3.837148891761898994e-03 1.169314701110124588e-02 1.114795850298833102e-05 1.014375175145687535e-05
8.028266165638342500e-06 9.012063741683959961e-01 5.368254278437234461e-06 9.590454510544077493e-07 4.714682120265933918e-07 1.165957201010314748e-06 2.358944357183645479e-06 4.480374400372966193e-07 1.301819429500028491e-05 9.876190125942230225e-02
9.555862545967102051e-01 1.364367199130356312e-04 1.743922568857669830e-02 6.958428421057760715e-04 2.055018441751599312e-03 8.429849985986948013e-04 1.725906331557780504e-04 5.900738760828971863e-04 2.141366526484489441e-02 1.067916397005319595e-03
1.082097242033341900e-05 1.750299036502838135e-01 2.834337692547705956e-06 2.085820779029745609e-05 7.507540544793300796e-07 1.604732119631080423e-06 1.408679167980153579e-06 1.787338760550483130e-06 1.432445696991635486e-05 8.249157667160034180e-01
3.217241261154413223e-03 9.191032499074935913e-03 3.242062404751777649e-02 2.253449559211730957e-01 8.529449999332427979e-02 4.838576912879943848e-01 5.045751109719276428e-02 1.020182818174362183e-01 2.226804615929722786e-03 5.971346981823444366e-03
1.201699720695614815e-03 3.804030347964726388e-05 8.709934190846979618e-04 3.693870035931468010e-03 1.644121133722364902e-03 4.128627106547355652e-02 9.605326340533792973e-06 9.504134654998779297e-01 1.652075734455138445e-04 6.766869337297976017e-04
6.299697997746989131e-05 2.507643401622772217e-02 9.288040928367991000e-06 4.403689308674074709e-05 3.313898105261614546e-06 2.965407702504307963e-06 2.193640102632343769e-05 2.818323446263093501e-05 4.997465875931084156e-04 9.742509722709655762e-01
3.864597529172897339e-04 1.968088792636990547e-03 5.799243444926105440e-05 1.774255360942333937e-04 4.023444489575922489e-04 2.369735921092797071e-05 3.691898426041007042e-03 2.317281723662745208e-05 9.931395649909973145e-01 1.294479297939687967e-04
2.495590597391128540e-04 1.783499319572001696e-04 3.317587077617645264e-02 9.443882852792739868e-02 2.438117517158389091e-03 8.190835118293762207e-01 1.763171632774174213e-03 4.823488742113113403e-02 1.163963461294770241e-04 3.213156596757471561e-04
3.553850401658564806e-04 1.422331260982900858e-04 2.949455752968788147e-03 5.563941318541765213e-03 6.684686988592147827e-03 9.405896998941898346e-03 1.482832827605307102e-03 9.722434878349304199e-01 7.270150672411546111e-05 1.099368790164589882e-03
5.540648126043379307e-04 5.660913884639739990e-04 1.309101435253978707e-06 1.011878339340910316e-05 3.572641844584723003e-06 4.650935068184480770e-07 6.479959324678929988e-07 4.354139093720732490e-08 9.988149404525756836e-01 4.882731445832177997e-05
1.250911038368940353e-03 1.832480425946414471e-03 2.643299102783203125e-02 1.288312301039695740e-02 1.361396815627813339e-02 7.478234358131885529e-03 9.348172545433044434e-01 9.193535079248249531e-04 2.618031576275825500e-04 5.098017863929271698e-04
3.106408379971981049e-02 2.125562913715839386e-02 3.106010146439075470e-02 3.612158820033073425e-02 4.583103209733963013e-02 3.329448774456977844e-02 1.724163186736404896e-03 7.530383467674255371e-01 6.170456763356924057e-03 4.044016823172569275e-02
8.404709100723266602e-01 3.622115124017000198e-03 1.504558622837066650e-01 1.060233451426029205e-03 7.672761566936969757e-04 4.073721647728234529e-04 2.623486216180026531e-04 8.370935393031686544e-05 1.528470544144511223e-03 1.341759460046887398e-03
1.122635230422019958e-02 2.119323005899786949e-03 5.333885177969932556e-02 1.605463959276676178e-02 8.618463873863220215e-01 1.167673803865909576e-02 1.552681345492601395e-02 5.661807488650083542e-03 2.204499766230583191e-02 5.040566320531070232e-04
2.231289181509055197e-05 1.034143753349781036e-02 3.079238922509830445e-06 6.334390491247177124e-05 2.125284765952528687e-07 8.701156730239745229e-06 1.440526830265298486e-05 2.366457010793965310e-06 2.480580587871372700e-05 9.895193576812744141e-01
1.540812663733959198e-03 2.585167821962386370e-04 7.177844643592834473e-03 5.297329742461442947e-03 9.496489167213439941e-01 1.249250955879688263e-02 7.952661835588514805e-04 2.050611563026905060e-02 1.619616057723760605e-03 6.631008582189679146e-04
6.832375656813383102e-04 1.496660843258723617e-04 8.919141888618469238e-01 1.859378442168235779e-02 1.243050117045640945e-02 3.040351904928684235e-02 1.876230351626873016e-02 2.630740962922573090e-02 3.929612867068499327e-04 3.623721131589263678e-04
1.133264042437076569e-03 6.464260513894259930e-04 4.312656354159116745e-03 2.796421060338616371e-03 8.247806429862976074e-01 8.289141580462455750e-03 3.984093782491981983e-04 1.555631458759307861e-01 1.179210259579122066e-03 9.006753098219633102e-04
9.402788877487182617e-01 2.979295968543738127e-04 4.484025016427040100e-02 3.581666678655892611e-04 2.532393205910921097e-03 2.889456227421760559e-04 1.290794025408104062e-04 2.669662469998002052e-03 2.010620431974530220e-03 6.593840662389993668e-03
1.856293180026113987e-03 4.968620836734771729e-02 1.409030635841190815e-03 5.871067405678331852e-04 2.477302914485335350e-04 4.299760330468416214e-04 4.856720915995538235e-04 1.454553334042429924e-03 9.493792895227670670e-04 9.428941011428833008e-01
6.428008782677352428e-04 1.153348712250590324e-03 3.615505248308181763e-02 2.615975448861718178e-03 5.434534046798944473e-03 1.238010474480688572e-03 9.513232111930847168e-01 7.512845913879573345e-04 1.489790302002802491e-04 5.367993144318461418e-04
5.420078523457050323e-03 3.843873273581266403e-03 2.907397150993347168e-01 1.475536674261093140e-01 1.597338616847991943e-01 3.402986377477645874e-02 3.498274683952331543e-01 6.645866669714450836e-03 1.520737190730869770e-03 6.849191267974674702e-04
8.594903629273176193e-04 3.992571029812097549e-03 1.528268307447433472e-01 8.226365782320499420e-03 1.200121548026800156e-02 7.753250598907470703e-01 3.964282199740409851e-02 7.122803363017737865e-04 4.792293999344110489e-03 1.621135394088923931e-03
1.391358487308025360e-02 7.490781717933714390e-04 1.984275691211223602e-02 3.476419718936085701e-03 9.261236786842346191e-01 3.882341785356402397e-03 4.215395543724298477e-03 2.244137786328792572e-02 4.943781532347202301e-03 4.114788025617599487e-04
6.858792621642351151e-04 9.844237501965835690e-05 3.122783964499831200e-03 8.811990022659301758e-01 4.946884233504533768e-03 1.076359450817108154e-01 7.360126473940908909e-04 4.053375741932541132e-04 1.088850549422204494e-03 8.076254744082689285e-05
6.356913945637643337e-04 5.848117871209979057e-04 1.102613678085617721e-04 4.138249496463686228e-04 3.574807851691730320e-05 7.904765516286715865e-05 1.367369804938789457e-05 1.278740237466990948e-03 6.567764212377369404e-04 9.961912631988525391e-01
2.365111606195569038e-03 4.156109392642974854e-01 2.547546755522489548e-03 1.093577146530151367e-01 1.099491585046052933e-02 4.613531380891799927e-02 6.056001037359237671e-02 4.108868539333343506e-03 3.405622839927673340e-01 7.757318206131458282e-03
2.164585981518030167e-03 6.703256804030388594e-05 2.971664629876613617e-02 8.118413388729095459e-03 5.901359319686889648e-01 2.759263664484024048e-02 2.466591307893395424e-03 3.385193049907684326e-01 7.389499223791062832e-04 4.798505397047847509e-04
6.706943362951278687e-02 4.651218354701995850e-01 6.979436147958040237e-03 9.720808826386928558e-03 7.103537674993276596e-03 3.571433713659644127e-03 6.648056209087371826e-03 1.453588902950286865e-02 1.100750640034675598e-01 3.091744780540466309e-01
1.100542373023927212e-03 3.542922670021653175e-03 9.115631837630644441e-05 1.348352758213877678e-03 2.600351763248909265e-05 3.263717517256736755e-04 1.642852439545094967e-04 2.996392431668937206e-04 2.066906541585922241e-03 9.910338521003723145e-01
5.166368791833519936e-04 2.897210652008652687e-04 8.421347592957317829e-04 1.903520897030830383e-02 4.275634419173002243e-03 9.695560932159423828e-01 5.956085515208542347e-04 3.894919995218515396e-03 7.351192762143909931e-04 2.589487703517079353e-04
5.536025166511535645e-01 1.473804470151662827e-03 6.349430233240127563e-02 1.787364250048995018e-03 3.560497760772705078e-01 2.043838379904627800e-03 1.785497879609465599e-03 9.483707137405872345e-03 8.059440180659294128e-03 2.219730755314230919e-03
9.245498949894681573e-05 3.888332284986972809e-04 1.008987799286842346e-02 8.266312070190906525e-04 3.528842004016041756e-03 3.840471035800874233e-04 9.844027757644653320e-01 1.202359853778034449e-04 9.819844854064285755e-05 6.809270416852086782e-05
6.757243070751428604e-03 3.859721589833498001e-03 6.065263599157333374e-02 2.163002081215381622e-02 1.054984983056783676e-02 4.506177082657814026e-02 4.181335680186748505e-03 8.382797837257385254e-01 2.181579824537038803e-03 6.846040021628141403e-03
2.182062598876655102e-04 2.641358587425202131e-04 6.655857712030410767e-02 1.756695844233036041e-02 1.119602005928754807e-02 1.864052750170230865e-02 8.841143846511840820e-01 8.757428731769323349e-04 4.335266421549022198e-04 1.319141738349571824e-04
8.402674198150634766e-01 3.132668510079383850e-02 3.000011201947927475e-03 1.513686031103134155e-03 3.743121027946472168e-02 4.475341993384063244e-04 1.693676458671689034e-03 1.040832023136317730e-03 6.906956434249877930e-02 1.420954521745443344e-02
3.420880809426307678e-02 1.772192120552062988e-02 8.092412026599049568e-04 1.449570176191627979e-03 5.225000786595046520e-04 6.206519901752471924e-04 1.711866061668843031e-04 1.822804845869541168e-02 2.787346020340919495e-03 9.234808087348937988e-01
1.231620899488916621e-05 1.371915368508780375e-05 6.861131172627210617e-03 8.991550803184509277e-01 9.133116342127323151e-03 7.947564870119094849e-02 4.361399915069341660e-03 9.368114988319575787e-04 1.069100017048185691e-05 4.010821430711075664e-05
1.153238117694854736e-01 6.094170734286308289e-02 1.656098850071430206e-02 4.842718318104743958e-02 2.187804505228996277e-02 4.071732517331838608e-03 4.096203483641147614e-03 5.610916018486022949e-02 4.282255470752716064e-01 2.443656027317047119e-01
2.689069879124872386e-05 3.139797627227380872e-06 3.789976704865694046e-03 6.183669320307672024e-04 4.809536039829254150e-02 8.676231838762760162e-03 5.934739965596236289e-05 9.387066364288330078e-01 4.097431428817799315e-06 1.991965291381347924e-05
1.333294552750885487e-03 3.447937488090246916e-04 1.468278616666793823e-01 3.296778351068496704e-02 1.419550031423568726e-01 5.226716771721839905e-02 6.221945285797119141e-01 9.729432058520615101e-04 1.072078826837241650e-03 6.460346776293590665e-05
8.728624582290649414e-01 5.120599642395973206e-03 6.361131556332111359e-03 9.026305633597075939e-04 3.718959633260965347e-03 7.816602010279893875e-04 3.654366009868681431e-04 1.585024408996105194e-02 2.228463534265756607e-03 9.180843830108642578e-02
3.693275526165962219e-02 5.918940063565969467e-03 1.696408959105610847e-03 3.436409635469317436e-03 2.744897454977035522e-02 1.336904475465416908e-03 5.795892211608588696e-04 1.452895114198327065e-03 9.079708456993103027e-01 1.322624459862709045e-02
4.174101352691650391e-01 9.144408395513892174e-04 5.247993469238281250e-01 3.845699597150087357e-03 7.426185067743062973e-03 2.226206241175532341e-03 5.775433033704757690e-03 4.658673889935016632e-03 2.721775509417057037e-02 5.726082250475883484e-03
2.486705197952687740e-04 4.289774806238710880e-04 6.794563494622707367e-03 3.211538493633270264e-02 1.179067883640527725e-02 9.002231359481811523e-01 3.082035295665264130e-02 1.449245493859052658e-02 5.068515893071889877e-04 2.578823128715157509e-03
8.519434370100498199e-03 4.760660522151738405e-04 6.612747529288753867e-05 5.083871656097471714e-05 3.037823807972017676e-05 6.885069979034597054e-06 5.373964540922315791e-06 3.731272272489150055e-06 9.904432892799377441e-01 3.977925516664981842e-04
3.876622393727302551e-02 2.393650123849511147e-03 1.263100188225507736e-03 2.425957238301634789e-03 2.888029674068093300e-03 5.340552888810634613e-04 2.254571882076561451e-04 1.029867795296013355e-03 9.470750093460083008e-01 3.398719243705272675e-03
6.236122571863234043e-04 6.039992877049371600e-05 4.524261690676212311e-03 1.420332938432693481e-01 5.959599744528532028e-03 6.490939855575561523e-01 6.983716739341616631e-04 1.966757625341415405e-01 4.057868136442266405e-05 2.901527041103690863e-04
2.727895975112915039e-02 1.988540403544902802e-02 6.409998238086700439e-02 2.059410512447357178e-01 7.046139985322952271e-02 3.756624460220336914e-01 4.940065369009971619e-02 1.632521599531173706e-01 1.292319130152463913e-02 1.109463069587945938e-02
4.816110711544752121e-03 1.572784240124747157e-04 9.837572276592254639e-02 1.245897784829139709e-01 5.256625264883041382e-02 6.797714829444885254e-01 2.241808688268065453e-03 3.523335233330726624e-02 1.656498294323682785e-03 5.917505477555096149e-04
4.637680482119321823e-03 1.557074207812547684e-02 8.182812482118606567e-03 1.953033804893493652e-01 9.159736335277557373e-03 6.574184298515319824e-01 7.449689507484436035e-02 2.667355164885520935e-02 4.795440007001161575e-03 3.761355299502611160e-03
8.727479325898457319e-06 1.242684675162308849e-06 3.371953207533806562e-04 1.325035409536212683e-04 2.882037311792373657e-03 2.035421319305896759e-03 3.471106140295887599e-07 9.945945143699645996e-01 9.967478717953781597e-07 6.913360266480594873e-06
7.588206790387630463e-05 2.456421498209238052e-05 1.886572223156690598e-03 5.850529670715332031e-01 3.756468882784247398e-03 3.970828354358673096e-01 1.450057490728795528e-03 1.048223581165075302e-02 3.202454900019802153e-05 1.564697595313191414e-04
5.380414798855781555e-02 9.013057500123977661e-02 5.852431058883666992e-02 6.229327619075775146e-02 1.763642579317092896e-01 7.531014084815979004e-02 2.227798998355865479e-01 2.537200786173343658e-02 2.201343476772308350e-01 1.528700627386569977e-02
2.659504711627960205e-01 4.452923312783241272e-02 8.162726461887359619e-02 1.757633388042449951e-01 1.284312903881072998e-01 9.997300803661346436e-02 4.456100519746541977e-03 1.871734973974525928e-03 1.700351834297180176e-01 2.736237272620201111e-02
